1
1
10
0
(1 0
((0,0) (63,63) (0,0))
)
1
FabOnDisk: Cell_D_00000 0

1,10
1.00000000000000000e+00,-7.83919595903626032e-11,-7.83919595903626032e-11,0.00000000000000000e+00,1.00000000000000008e-05,1.00000000000000008e-05,9.99999737050218843e-06,-6.39545543394834048e+00,-6.39545543394833693e+00,0.00000000000000000e+00,

1,10
1.00000000000000000e+00,7.83919595903626032e-11,7.83919595903626032e-11,0.00000000000000000e+00,1.00002826777325678e-05,1.00002826777325678e-05,2.11255471791933438e+01,6.39545543394834048e+00,6.39545543394833693e+00,0.00000000000000000e+00,

